1      0.21204620462   0.663366336634  1.26237623762   600.856385958
2      0.21204620462   0.663366336634  1.26237623762   600.856385958
3      0.230198019802  0.673267326733  1.48514851485   603.872539536
4      0.230198019802  0.673267326733  1.48514851485   603.872539536
5      0.230198019802  0.673267326733  1.48514851485   603.872539536
6      0.230198019802  0.673267326733  1.48514851485   603.872539536
7      0.230198019802  0.673267326733  1.48514851485   603.872539536
8      0.226072607261  0.668316831683  1.44059405941   600.001297605
9      0.226072607261  0.668316831683  1.44059405941   600.001297605
10      0.226072607261  0.668316831683  1.44059405941   600.001297605
11      0.226072607261  0.668316831683  1.44059405941   600.001297605
12      0.226072607261  0.668316831683  1.44059405941   600.001297605
13      0.226072607261  0.668316831683  1.44059405941   600.001297605
14      0.221122112211  0.663366336634  1.29702970297   591.948007701
15      0.221122112211  0.663366336634  1.29702970297   591.948007701
