1      0.109671125975  0.358695652174  0.609531772575  2475.36430456
2      0.109671125975  0.358695652174  0.609531772575  2475.36430456
3      0.110925306577  0.362876254181  0.581939799331  2465.25218371
4      0.110925306577  0.362876254181  0.581939799331  2465.25218371
5      0.104375696767  0.349498327759  0.561036789298  2413.51062696
6      0.104375696767  0.349498327759  0.561036789298  2413.51062696
7      0.105629877369  0.348662207358  0.561036789298  2375.25590352
8      0.105629877369  0.348662207358  0.561036789298  2375.25590352
9      0.107023411371  0.35618729097   0.570234113712  2354.53932618
10      0.107023411371  0.35618729097   0.570234113712  2354.53932618
11      0.107023411371  0.35618729097   0.570234113712  2354.53932618
12      0.107023411371  0.35618729097   0.570234113712  2354.53932618
13      0.107023411371  0.35618729097   0.570234113712  2354.53932618
14      0.107023411371  0.35618729097   0.570234113712  2354.53932618
15      0.107023411371  0.35618729097   0.570234113712  2354.53932618
