1      0.210313132887  0.757906215921  7.53107960742   8537.78020834
2      0.210313132887  0.757906215921  7.53107960742   8537.78020834
3      0.210313132887  0.757906215921  7.53107960742   8537.78020834
4      0.210313132887  0.757906215921  7.53107960742   8537.78020834
5      0.209767876616  0.760087241003  7.45256270447   8424.18106364
6      0.209767876616  0.760087241003  7.45256270447   8424.18106364
7      0.209767876616  0.760087241003  7.45256270447   8424.18106364
8      0.209767876616  0.760087241003  7.45256270447   8424.18106364
9      0.209767876616  0.760087241003  7.45256270447   8424.18106364
10      0.209767876616  0.760087241003  7.45256270447   8424.18106364
11      0.209767876616  0.760087241003  7.45256270447   8424.18106364
12      0.209767876616  0.760087241003  7.45256270447   8424.18106364
13      0.209767876616  0.760087241003  7.45256270447   8424.18106364
14      0.209767876616  0.760087241003  7.45256270447   8424.18106364
15      0.209767876616  0.760087241003  7.45256270447   8424.18106364
